4716209716282979
4024007150671328
4539648296484635
4916965317971884
4929807104155708
4505317150479632
4916235491036072
4539039302319850
4532085325849123
4556284059216952
4556359946672888
4539981308393183
4532585154702145
4916087586737811
4539662035719631
4485893229292903
4179742416955742
4532261706287338
4929944870499471
4556227977970614
4439653666919310
4024007191070969
4716500637519899
4024007150393253
4485654743887549
4929428227218412
4024007104836639
4539598892671558
4556374652657460
4024007177249678
